$ANSIBLE_VAULT;1.1;AES256
62616437613934626365626438656234636664643335663066646436613330663835396363346238
3133326135666431313564623731656233633735393865650a373964373365663731653930376336
61396433376463376164366665393731326665633762353134323265623736323337643131363866
3334623134323365340a323964373565393066633637616433613933666262356661623733333461
62366165393537333033363364393232356137353231323433323833326262643132393133313232
66383232646263363532633037306137333830613062306261326539393462373937623132636436
33306565353935663462643830363135396263373232396330633735633032353236306630303662
62623966383163633230366139663463326661383065383435666561376239316537373333376434
32353039623261313562373463633437383265633636373238636662643439366338613038623263
39323062646261623961363537633062356531333230356634613835383334316532343863363131
66363761353761653564303565313564613039393032343536313430666131616131363835663133
38363331323462666237
